"time" "Kisl" "migr"
"1" 1 299.993 0.199992222222222
"2" 2 298.326 0.19814
"3" 3 296.659 0.196287777777778
"4" 4 294.992 0.194435555555556
"5" 5 293.325 0.192583333333333
"6" 6 291.658 0.190731111111111
"7" 7 289.991 0.188878888888889
"8" 8 288.324 0.187026666666667
"9" 9 286.657 0.185174444444445
"10" 10 284.99 0.183322222222222
"11" 11 283.323 0.18147
"12" 12 281.656 0.179617777777778
"13" 13 279.989 0.177765555555556
"14" 14 278.322 0.175913333333333
"15" 15 276.655 0.174061111111111
"16" 16 274.988 0.172208888888889
"17" 17 273.321 0.170356666666667
"18" 18 271.654 0.168504444444444
"19" 19 269.987 0.166652222222222
"20" 20 268.32 0.1648
"21" 21 266.653 0.162947777777778
"22" 22 264.986 0.161095555555556
"23" 23 263.319 0.159243333333333
"24" 24 261.652 0.157391111111111
"25" 25 259.985 0.155538888888889
"26" 26 258.318 0.153686666666667
"27" 27 256.651 0.151834444444444
"28" 28 254.984 0.149982222222222
"29" 29 253.317 0.14813
"30" 30 251.65 0.146277777777778
"31" 31 249.983 0.144425555555556
"32" 32 248.316 0.142573333333333
"33" 33 246.649 0.140721111111111
"34" 34 244.982 0.138868888888889
"35" 35 243.315 0.137016666666667
"36" 36 241.648 0.135164444444444
"37" 37 239.981 0.133312222222222
"38" 38 238.314 0.13146
"39" 39 236.647 0.129607777777778
"40" 40 234.98 0.127755555555556
"41" 41 233.313 0.125903333333333
"42" 42 231.646 0.124051111111111
"43" 43 229.979 0.122198888888889
"44" 44 228.312 0.120346666666667
"45" 45 226.645 0.118494444444445
"46" 46 224.978 0.116642222222222
"47" 47 223.311 0.11479
"48" 48 221.644 0.112937777777778
"49" 49 219.977 0.111085555555556
"50" 50 218.31 0.109233333333333
"51" 51 216.643 0.107381111111111
"52" 52 214.976 0.105528888888889
"53" 53 213.309 0.103676666666667
"54" 54 211.642 0.101824444444444
"55" 55 209.975 0.0999722222222223
"56" 56 208.308 0.09812
"57" 57 206.641 0.0962677777777778
"58" 58 204.974 0.0944155555555556
"59" 59 203.307 0.0925633333333334
"60" 60 201.64 0.0907111111111112
"61" 61 199.973 0.0888588888888889
"62" 62 198.306 0.0870066666666667
"63" 63 196.639 0.0851544444444445
"64" 64 194.972 0.0833022222222223
"65" 65 193.305 0.08145
"66" 66 191.638 0.0795977777777778
"67" 67 189.971 0.0777455555555556
"68" 68 188.304 0.0758933333333334
"69" 69 186.637 0.0740411111111112
"70" 70 184.97 0.0721888888888889
"71" 71 183.303 0.0703366666666667
"72" 72 181.636 0.0684844444444445
"73" 73 179.969 0.0666322222222223
"74" 74 178.302 0.06478
"75" 75 176.635 0.0629277777777778
"76" 76 174.968 0.0610755555555556
"77" 77 173.301 0.0592233333333334
"78" 78 171.634 0.0573711111111112
"79" 79 169.967 0.0555188888888889
"80" 80 168.3 0.0536666666666667
"81" 81 166.633 0.0518144444444445
"82" 82 164.966 0.0499622222222222
"83" 83 163.299 0.04811
"84" 84 161.632 0.0462577777777778
"85" 85 159.965 0.0444055555555556
"86" 86 158.298 0.0425533333333334
"87" 87 156.631 0.0407011111111112
"88" 88 154.964 0.0388488888888889
"89" 89 153.297 0.0369966666666667
"90" 90 151.63 0.0351444444444445
"91" 91 149.963 0.0332922222222223
"92" 92 148.296 0.03144
"93" 93 146.629 0.0295877777777778
"94" 94 144.962 0.0277355555555556
"95" 95 143.295 0.0258833333333334
"96" 96 141.628 0.0240311111111111
"97" 97 139.961 0.0221788888888889
"98" 98 138.294 0.0203266666666667
"99" 99 136.627 0.0184744444444445
"100" 100 134.96 0.0166222222222222
"101" 101 134.95 0.0166111111111111
"102" 102 134.9 0.0165555555555556
"103" 103 134.85 0.0165
"104" 104 134.8 0.0164444444444445
"105" 105 134.75 0.0163888888888889
"106" 106 134.7 0.0163333333333333
"107" 107 134.65 0.0162777777777778
"108" 108 134.6 0.0162222222222222
"109" 109 134.55 0.0161666666666667
"110" 110 134.5 0.0161111111111111
"111" 111 134.45 0.0160555555555555
"112" 112 134.4 0.016
"113" 113 134.35 0.0159444444444444
"114" 114 134.3 0.0158888888888889
"115" 115 134.25 0.0158333333333333
"116" 116 134.2 0.0157777777777778
"117" 117 134.15 0.0157222222222222
"118" 118 134.1 0.0156666666666667
"119" 119 134.05 0.0156111111111111
"120" 120 134 0.0155555555555555
"121" 121 133.95 0.0155
"122" 122 133.9 0.0154444444444445
"123" 123 133.85 0.0153888888888889
"124" 124 133.8 0.0153333333333333
"125" 125 133.75 0.0152777777777778
"126" 126 133.7 0.0152222222222222
"127" 127 133.65 0.0151666666666667
"128" 128 133.6 0.0151111111111111
"129" 129 133.55 0.0150555555555556
"130" 130 133.5 0.015
"131" 131 133.45 0.0149444444444444
"132" 132 133.4 0.0148888888888889
"133" 133 133.35 0.0148333333333333
"134" 134 133.3 0.0147777777777778
"135" 135 133.25 0.0147222222222222
"136" 136 133.2 0.0146666666666667
"137" 137 133.15 0.0146111111111111
"138" 138 133.1 0.0145555555555555
"139" 139 133.05 0.0145
"140" 140 133 0.0144444444444445
"141" 141 132.95 0.0143888888888889
"142" 142 132.9 0.0143333333333333
"143" 143 132.85 0.0142777777777778
"144" 144 132.8 0.0142222222222222
"145" 145 132.75 0.0141666666666667
"146" 146 132.7 0.0141111111111111
"147" 147 132.65 0.0140555555555556
"148" 148 132.6 0.014
"149" 149 132.55 0.0139444444444445
"150" 150 132.5 0.0138888888888889
"151" 151 132.45 0.0138333333333333
"152" 152 132.4 0.0137777777777778
"153" 153 132.35 0.0137222222222222
"154" 154 132.3 0.0136666666666667
"155" 155 132.25 0.0136111111111111
"156" 156 132.2 0.0135555555555555
"157" 157 132.15 0.0135
"158" 158 132.1 0.0134444444444445
"159" 159 132.05 0.0133888888888889
"160" 160 132 0.0133333333333333
"161" 161 131.95 0.0132777777777778
"162" 162 131.9 0.0132222222222222
"163" 163 131.85 0.0131666666666667
"164" 164 131.8 0.0131111111111111
"165" 165 131.75 0.0130555555555556
"166" 166 131.7 0.013
"167" 167 131.65 0.0129444444444445
"168" 168 131.6 0.0128888888888889
"169" 169 131.55 0.0128333333333333
"170" 170 131.5 0.0127777777777778
"171" 171 131.45 0.0127222222222222
"172" 172 131.4 0.0126666666666667
"173" 173 131.35 0.0126111111111111
"174" 174 131.3 0.0125555555555556
"175" 175 131.25 0.0125
"176" 176 131.2 0.0124444444444444
"177" 177 131.15 0.0123888888888889
"178" 178 131.1 0.0123333333333333
"179" 179 131.05 0.0122777777777778
"180" 180 131 0.0122222222222222
"181" 181 130.95 0.0121666666666667
"182" 182 130.9 0.0121111111111111
"183" 183 130.85 0.0120555555555555
"184" 184 130.8 0.012
"185" 185 130.75 0.0119444444444445
"186" 186 130.7 0.0118888888888889
"187" 187 130.65 0.0118333333333333
"188" 188 130.6 0.0117777777777778
"189" 189 130.55 0.0117222222222222
"190" 190 130.5 0.0116666666666667
"191" 191 130.45 0.0116111111111111
"192" 192 130.4 0.0115555555555556
"193" 193 130.35 0.0115
"194" 194 130.3 0.0114444444444445
"195" 195 130.25 0.0113888888888889
"196" 196 130.2 0.0113333333333333
"197" 197 130.15 0.0112777777777778
"198" 198 130.1 0.0112222222222222
"199" 199 130.05 0.0111666666666667
"200" 200 130 0.0111111111111111
"201" 201 130 0.0111111111111111
"202" 202 130.050505050505 0.0111672278338945
"203" 203 130.10101010101 0.0112233445566779
"204" 204 130.151515151515 0.0112794612794613
"205" 205 130.20202020202 0.0113355780022446
"206" 206 130.252525252525 0.011391694725028
"207" 207 130.30303030303 0.0114478114478114
"208" 208 130.353535353535 0.0115039281705948
"209" 209 130.40404040404 0.0115600448933782
"210" 210 130.454545454545 0.0116161616161616
"211" 211 130.50505050505 0.011672278338945
"212" 212 130.555555555556 0.0117283950617284
"213" 213 130.606060606061 0.0117845117845118
"214" 214 130.656565656566 0.0118406285072952
"215" 215 130.707070707071 0.0118967452300786
"216" 216 130.757575757576 0.0119528619528619
"217" 217 130.808080808081 0.0120089786756453
"218" 218 130.858585858586 0.0120650953984287
"219" 219 130.909090909091 0.0121212121212121
"220" 220 130.959595959596 0.0121773288439955
"221" 221 131.010101010101 0.0122334455667789
"222" 222 131.060606060606 0.0122895622895623
"223" 223 131.111111111111 0.0123456790123457
"224" 224 131.161616161616 0.012401795735129
"225" 225 131.212121212121 0.0124579124579124
"226" 226 131.262626262626 0.0125140291806958
"227" 227 131.313131313131 0.0125701459034792
"228" 228 131.363636363636 0.0126262626262626
"229" 229 131.414141414141 0.012682379349046
"230" 230 131.464646464646 0.0127384960718294
"231" 231 131.515151515152 0.0127946127946128
"232" 232 131.565656565657 0.0128507295173962
"233" 233 131.616161616162 0.0129068462401796
"234" 234 131.666666666667 0.012962962962963
"235" 235 131.717171717172 0.0130190796857463
"236" 236 131.767676767677 0.0130751964085297
"237" 237 131.818181818182 0.0131313131313131
"238" 238 131.868686868687 0.0131874298540965
"239" 239 131.919191919192 0.0132435465768799
"240" 240 131.969696969697 0.0132996632996633
"241" 241 132.020202020202 0.0133557800224467
"242" 242 132.070707070707 0.0134118967452301
"243" 243 132.121212121212 0.0134680134680134
"244" 244 132.171717171717 0.0135241301907968
"245" 245 132.222222222222 0.0135802469135802
"246" 246 132.272727272727 0.0136363636363636
"247" 247 132.323232323232 0.013692480359147
"248" 248 132.373737373737 0.0137485970819304
"249" 249 132.424242424242 0.0138047138047138
"250" 250 132.474747474747 0.0138608305274972
"251" 251 132.525252525253 0.0139169472502806
"252" 252 132.575757575758 0.013973063973064
"253" 253 132.626262626263 0.0140291806958474
"254" 254 132.676767676768 0.0140852974186307
"255" 255 132.727272727273 0.0141414141414141
"256" 256 132.777777777778 0.0141975308641975
"257" 257 132.828282828283 0.0142536475869809
"258" 258 132.878787878788 0.0143097643097643
"259" 259 132.929292929293 0.0143658810325477
"260" 260 132.979797979798 0.0144219977553311
"261" 261 133.030303030303 0.0144781144781145
"262" 262 133.080808080808 0.0145342312008978
"263" 263 133.131313131313 0.0145903479236812
"264" 264 133.181818181818 0.0146464646464646
"265" 265 133.232323232323 0.014702581369248
"266" 266 133.282828282828 0.0147586980920314
"267" 267 133.333333333333 0.0148148148148148
"268" 268 133.383838383838 0.0148709315375982
"269" 269 133.434343434343 0.0149270482603816
"270" 270 133.484848484848 0.014983164983165
"271" 271 133.535353535354 0.0150392817059484
"272" 272 133.585858585859 0.0150953984287318
"273" 273 133.636363636364 0.0151515151515151
"274" 274 133.686868686869 0.0152076318742985
"275" 275 133.737373737374 0.0152637485970819
"276" 276 133.787878787879 0.0153198653198653
"277" 277 133.838383838384 0.0153759820426487
"278" 278 133.888888888889 0.0154320987654321
"279" 279 133.939393939394 0.0154882154882155
"280" 280 133.989898989899 0.0155443322109989
"281" 281 134.040404040404 0.0156004489337822
"282" 282 134.090909090909 0.0156565656565656
"283" 283 134.141414141414 0.015712682379349
"284" 284 134.191919191919 0.0157687991021324
"285" 285 134.242424242424 0.0158249158249158
"286" 286 134.292929292929 0.0158810325476992
"287" 287 134.343434343434 0.0159371492704826
"288" 288 134.393939393939 0.015993265993266
"289" 289 134.444444444444 0.0160493827160494
"290" 290 134.494949494949 0.0161054994388328
"291" 291 134.545454545455 0.0161616161616162
"292" 292 134.59595959596 0.0162177328843995
"293" 293 134.646464646465 0.0162738496071829
"294" 294 134.69696969697 0.0163299663299663
"295" 295 134.747474747475 0.0163860830527497
"296" 296 134.79797979798 0.0164421997755331
"297" 297 134.848484848485 0.0164983164983165
"298" 298 134.89898989899 0.0165544332210999
"299" 299 134.949494949495 0.0166105499438833
"300" 300 135 0.0166666666666666
"301" 301 135 0.0166666666666666
"302" 302 135.656565656566 0.0173961840628507
"303" 303 136.313131313131 0.0181257014590348
"304" 304 136.969696969697 0.0188552188552188
"305" 305 137.626262626263 0.0195847362514029
"306" 306 138.282828282828 0.020314253647587
"307" 307 138.939393939394 0.0210437710437711
"308" 308 139.59595959596 0.0217732884399551
"309" 309 140.252525252525 0.0225028058361391
"310" 310 140.909090909091 0.0232323232323232
"311" 311 141.565656565657 0.0239618406285073
"312" 312 142.222222222222 0.0246913580246913
"313" 313 142.878787878788 0.0254208754208754
"314" 314 143.535353535354 0.0261503928170595
"315" 315 144.191919191919 0.0268799102132435
"316" 316 144.848484848485 0.0276094276094276
"317" 317 145.50505050505 0.0283389450056117
"318" 318 146.161616161616 0.0290684624017957
"319" 319 146.818181818182 0.0297979797979798
"320" 320 147.474747474747 0.0305274971941638
"321" 321 148.131313131313 0.0312570145903479
"322" 322 148.787878787879 0.031986531986532
"323" 323 149.444444444444 0.0327160493827161
"324" 324 150.10101010101 0.0334455667789001
"325" 325 150.757575757576 0.0341750841750842
"326" 326 151.414141414141 0.0349046015712682
"327" 327 152.070707070707 0.0356341189674523
"328" 328 152.727272727273 0.0363636363636364
"329" 329 153.383838383838 0.0370931537598204
"330" 330 154.040404040404 0.0378226711560045
"331" 331 154.69696969697 0.0385521885521886
"332" 332 155.353535353535 0.0392817059483726
"333" 333 156.010101010101 0.0400112233445566
"334" 334 156.666666666667 0.0407407407407407
"335" 335 157.323232323232 0.0414702581369248
"336" 336 157.979797979798 0.0421997755331089
"337" 337 158.636363636364 0.0429292929292929
"338" 338 159.292929292929 0.043658810325477
"339" 339 159.949494949495 0.0443883277216611
"340" 340 160.606060606061 0.0451178451178451
"341" 341 161.262626262626 0.0458473625140292
"342" 342 161.919191919192 0.0465768799102133
"343" 343 162.575757575758 0.0473063973063973
"344" 344 163.232323232323 0.0480359147025814
"345" 345 163.888888888889 0.0487654320987654
"346" 346 164.545454545455 0.0494949494949495
"347" 347 165.20202020202 0.0502244668911336
"348" 348 165.858585858586 0.0509539842873176
"349" 349 166.515151515152 0.0516835016835017
"350" 350 167.171717171717 0.0524130190796857
"351" 351 167.828282828283 0.0531425364758698
"352" 352 168.484848484848 0.0538720538720539
"353" 353 169.141414141414 0.0546015712682379
"354" 354 169.79797979798 0.055331088664422
"355" 355 170.454545454545 0.0560606060606061
"356" 356 171.111111111111 0.0567901234567901
"357" 357 171.767676767677 0.0575196408529742
"358" 358 172.424242424242 0.0582491582491582
"359" 359 173.080808080808 0.0589786756453423
"360" 360 173.737373737374 0.0597081930415264
"361" 361 174.393939393939 0.0604377104377104
"362" 362 175.050505050505 0.0611672278338945
"363" 363 175.707070707071 0.0618967452300786
"364" 364 176.363636363636 0.0626262626262626
"365" 365 177.020202020202 0.0633557800224467
"366" 366 177.676767676768 0.0640852974186308
"367" 367 178.333333333333 0.0648148148148148
"368" 368 178.989898989899 0.0655443322109989
"369" 369 179.646464646465 0.0662738496071829
"370" 370 180.30303030303 0.067003367003367
"371" 371 180.959595959596 0.0677328843995511
"372" 372 181.616161616162 0.0684624017957351
"373" 373 182.272727272727 0.0691919191919192
"374" 374 182.929292929293 0.0699214365881033
"375" 375 183.585858585859 0.0706509539842873
"376" 376 184.242424242424 0.0713804713804714
"377" 377 184.89898989899 0.0721099887766554
"378" 378 185.555555555556 0.0728395061728395
"379" 379 186.212121212121 0.0735690235690236
"380" 380 186.868686868687 0.0742985409652076
"381" 381 187.525252525253 0.0750280583613917
"382" 382 188.181818181818 0.0757575757575757
"383" 383 188.838383838384 0.0764870931537598
"384" 384 189.494949494949 0.0772166105499439
"385" 385 190.151515151515 0.0779461279461279
"386" 386 190.808080808081 0.078675645342312
"387" 387 191.464646464646 0.0794051627384961
"388" 388 192.121212121212 0.0801346801346801
"389" 389 192.777777777778 0.0808641975308642
"390" 390 193.434343434343 0.0815937149270483
"391" 391 194.090909090909 0.0823232323232323
"392" 392 194.747474747475 0.0830527497194164
"393" 393 195.40404040404 0.0837822671156005
"394" 394 196.060606060606 0.0845117845117845
"395" 395 196.717171717172 0.0852413019079686
"396" 396 197.373737373737 0.0859708193041526
"397" 397 198.030303030303 0.0867003367003367
"398" 398 198.686868686869 0.0874298540965207
"399" 399 199.343434343434 0.0881593714927049
"400" 400 200 0.0888888888888889
"401" 401 200 0.0888888888888889
"402" 402 201.010101010101 0.0900112233445566
"403" 403 202.020202020202 0.0911335578002244
"404" 404 203.030303030303 0.0922558922558922
"405" 405 204.040404040404 0.09337822671156
"406" 406 205.050505050505 0.0945005611672278
"407" 407 206.060606060606 0.0956228956228956
"408" 408 207.070707070707 0.0967452300785634
"409" 409 208.080808080808 0.0978675645342312
"410" 410 209.090909090909 0.098989898989899
"411" 411 210.10101010101 0.100112233445567
"412" 412 211.111111111111 0.101234567901235
"413" 413 212.121212121212 0.102356902356902
"414" 414 213.131313131313 0.10347923681257
"415" 415 214.141414141414 0.104601571268238
"416" 416 215.151515151515 0.105723905723906
"417" 417 216.161616161616 0.106846240179574
"418" 418 217.171717171717 0.107968574635241
"419" 419 218.181818181818 0.109090909090909
"420" 420 219.191919191919 0.110213243546577
"421" 421 220.20202020202 0.111335578002245
"422" 422 221.212121212121 0.112457912457912
"423" 423 222.222222222222 0.11358024691358
"424" 424 223.232323232323 0.114702581369248
"425" 425 224.242424242424 0.115824915824916
"426" 426 225.252525252525 0.116947250280584
"427" 427 226.262626262626 0.118069584736251
"428" 428 227.272727272727 0.119191919191919
"429" 429 228.282828282828 0.120314253647587
"430" 430 229.292929292929 0.121436588103255
"431" 431 230.30303030303 0.122558922558923
"432" 432 231.313131313131 0.12368125701459
"433" 433 232.323232323232 0.124803591470258
"434" 434 233.333333333333 0.125925925925926
"435" 435 234.343434343434 0.127048260381594
"436" 436 235.353535353535 0.128170594837261
"437" 437 236.363636363636 0.129292929292929
"438" 438 237.373737373737 0.130415263748597
"439" 439 238.383838383838 0.131537598204265
"440" 440 239.393939393939 0.132659932659933
"441" 441 240.40404040404 0.1337822671156
"442" 442 241.414141414141 0.134904601571268
"443" 443 242.424242424242 0.136026936026936
"444" 444 243.434343434343 0.137149270482604
"445" 445 244.444444444444 0.138271604938272
"446" 446 245.454545454545 0.139393939393939
"447" 447 246.464646464646 0.140516273849607
"448" 448 247.474747474747 0.141638608305275
"449" 449 248.484848484848 0.142760942760943
"450" 450 249.494949494949 0.143883277216611
"451" 451 250.50505050505 0.145005611672278
"452" 452 251.515151515151 0.146127946127946
"453" 453 252.525252525253 0.147250280583614
"454" 454 253.535353535353 0.148372615039282
"455" 455 254.545454545455 0.14949494949495
"456" 456 255.555555555556 0.150617283950617
"457" 457 256.565656565657 0.151739618406285
"458" 458 257.575757575758 0.152861952861953
"459" 459 258.585858585859 0.153984287317621
"460" 460 259.59595959596 0.155106621773288
"461" 461 260.606060606061 0.156228956228956
"462" 462 261.616161616162 0.157351290684624
"463" 463 262.626262626263 0.158473625140292
"464" 464 263.636363636364 0.15959595959596
"465" 465 264.646464646465 0.160718294051627
"466" 466 265.656565656566 0.161840628507295
"467" 467 266.666666666667 0.162962962962963
"468" 468 267.676767676768 0.164085297418631
"469" 469 268.686868686869 0.165207631874299
"470" 470 269.69696969697 0.166329966329966
"471" 471 270.707070707071 0.167452300785634
"472" 472 271.717171717172 0.168574635241302
"473" 473 272.727272727273 0.16969696969697
"474" 474 273.737373737374 0.170819304152637
"475" 475 274.747474747475 0.171941638608305
"476" 476 275.757575757576 0.173063973063973
"477" 477 276.767676767677 0.174186307519641
"478" 478 277.777777777778 0.175308641975309
"479" 479 278.787878787879 0.176430976430976
"480" 480 279.79797979798 0.177553310886644
"481" 481 280.808080808081 0.178675645342312
"482" 482 281.818181818182 0.17979797979798
"483" 483 282.828282828283 0.180920314253648
"484" 484 283.838383838384 0.182042648709315
"485" 485 284.848484848485 0.183164983164983
"486" 486 285.858585858586 0.184287317620651
"487" 487 286.868686868687 0.185409652076319
"488" 488 287.878787878788 0.186531986531987
"489" 489 288.888888888889 0.187654320987654
"490" 490 289.89898989899 0.188776655443322
"491" 491 290.909090909091 0.18989898989899
"492" 492 291.919191919192 0.191021324354658
"493" 493 292.929292929293 0.192143658810326
"494" 494 293.939393939394 0.193265993265993
"495" 495 294.949494949495 0.194388327721661
"496" 496 295.959595959596 0.195510662177329
"497" 497 296.969696969697 0.196632996632997
"498" 498 297.979797979798 0.197755331088664
"499" 499 298.989898989899 0.198877665544332
"500" 500 300 0.2
"501" 501 300 0.2
"502" 502 299.191919191919 0.199102132435466
"503" 503 298.383838383838 0.198204264870932
"504" 504 297.575757575758 0.197306397306397
"505" 505 296.767676767677 0.196408529741863
"506" 506 295.959595959596 0.195510662177329
"507" 507 295.151515151515 0.194612794612795
"508" 508 294.343434343434 0.19371492704826
"509" 509 293.535353535354 0.192817059483726
"510" 510 292.727272727273 0.191919191919192
"511" 511 291.919191919192 0.191021324354658
"512" 512 291.111111111111 0.190123456790123
"513" 513 290.30303030303 0.189225589225589
"514" 514 289.494949494949 0.188327721661055
"515" 515 288.686868686869 0.187429854096521
"516" 516 287.878787878788 0.186531986531987
"517" 517 287.070707070707 0.185634118967452
"518" 518 286.262626262626 0.184736251402918
"519" 519 285.454545454545 0.183838383838384
"520" 520 284.646464646465 0.18294051627385
"521" 521 283.838383838384 0.182042648709315
"522" 522 283.030303030303 0.181144781144781
"523" 523 282.222222222222 0.180246913580247
"524" 524 281.414141414141 0.179349046015713
"525" 525 280.606060606061 0.178451178451178
"526" 526 279.79797979798 0.177553310886644
"527" 527 278.989898989899 0.17665544332211
"528" 528 278.181818181818 0.175757575757576
"529" 529 277.373737373737 0.174859708193042
"530" 530 276.565656565657 0.173961840628507
"531" 531 275.757575757576 0.173063973063973
"532" 532 274.949494949495 0.172166105499439
"533" 533 274.141414141414 0.171268237934905
"534" 534 273.333333333333 0.17037037037037
"535" 535 272.525252525252 0.169472502805836
"536" 536 271.717171717172 0.168574635241302
"537" 537 270.909090909091 0.167676767676768
"538" 538 270.10101010101 0.166778900112233
"539" 539 269.292929292929 0.165881032547699
"540" 540 268.484848484848 0.164983164983165
"541" 541 267.676767676768 0.164085297418631
"542" 542 266.868686868687 0.163187429854097
"543" 543 266.060606060606 0.162289562289562
"544" 544 265.252525252525 0.161391694725028
"545" 545 264.444444444444 0.160493827160494
"546" 546 263.636363636364 0.15959595959596
"547" 547 262.828282828283 0.158698092031425
"548" 548 262.020202020202 0.157800224466891
"549" 549 261.212121212121 0.156902356902357
"550" 550 260.40404040404 0.156004489337823
"551" 551 259.59595959596 0.155106621773288
"552" 552 258.787878787879 0.154208754208754
"553" 553 257.979797979798 0.15331088664422
"554" 554 257.171717171717 0.152413019079686
"555" 555 256.363636363636 0.151515151515151
"556" 556 255.555555555556 0.150617283950617
"557" 557 254.747474747475 0.149719416386083
"558" 558 253.939393939394 0.148821548821549
"559" 559 253.131313131313 0.147923681257015
"560" 560 252.323232323232 0.14702581369248
"561" 561 251.515151515152 0.146127946127946
"562" 562 250.707070707071 0.145230078563412
"563" 563 249.89898989899 0.144332210998878
"564" 564 249.090909090909 0.143434343434343
"565" 565 248.282828282828 0.142536475869809
"566" 566 247.474747474747 0.141638608305275
"567" 567 246.666666666667 0.140740740740741
"568" 568 245.858585858586 0.139842873176207
"569" 569 245.050505050505 0.138945005611672
"570" 570 244.242424242424 0.138047138047138
"571" 571 243.434343434343 0.137149270482604
"572" 572 242.626262626263 0.13625140291807
"573" 573 241.818181818182 0.135353535353535
"574" 574 241.010101010101 0.134455667789001
"575" 575 240.20202020202 0.133557800224467
"576" 576 239.393939393939 0.132659932659933
"577" 577 238.585858585859 0.131762065095398
"578" 578 237.777777777778 0.130864197530864
"579" 579 236.969696969697 0.12996632996633
"580" 580 236.161616161616 0.129068462401796
"581" 581 235.353535353535 0.128170594837262
"582" 582 234.545454545455 0.127272727272727
"583" 583 233.737373737374 0.126374859708193
"584" 584 232.929292929293 0.125476992143659
"585" 585 232.121212121212 0.124579124579125
"586" 586 231.313131313131 0.12368125701459
"587" 587 230.50505050505 0.122783389450056
"588" 588 229.69696969697 0.121885521885522
"589" 589 228.888888888889 0.120987654320988
"590" 590 228.080808080808 0.120089786756453
"591" 591 227.272727272727 0.119191919191919
"592" 592 226.464646464646 0.118294051627385
"593" 593 225.656565656566 0.117396184062851
"594" 594 224.848484848485 0.116498316498316
"595" 595 224.040404040404 0.115600448933782
"596" 596 223.232323232323 0.114702581369248
"597" 597 222.424242424242 0.113804713804714
"598" 598 221.616161616162 0.11290684624018
"599" 599 220.808080808081 0.112008978675645
"600" 600 220 0.111111111111111
"601" 601 220 0.111111111111111
"602" 602 220.505050505051 0.111672278338945
"603" 603 221.010101010101 0.112233445566779
"604" 604 221.515151515152 0.112794612794613
"605" 605 222.020202020202 0.113355780022447
"606" 606 222.525252525253 0.113916947250281
"607" 607 223.030303030303 0.114478114478115
"608" 608 223.535353535354 0.115039281705948
"609" 609 224.040404040404 0.115600448933782
"610" 610 224.545454545455 0.116161616161616
"611" 611 225.050505050505 0.11672278338945
"612" 612 225.555555555556 0.117283950617284
"613" 613 226.060606060606 0.117845117845118
"614" 614 226.565656565657 0.118406285072952
"615" 615 227.070707070707 0.118967452300786
"616" 616 227.575757575758 0.11952861952862
"617" 617 228.080808080808 0.120089786756453
"618" 618 228.585858585859 0.120650953984287
"619" 619 229.090909090909 0.121212121212121
"620" 620 229.59595959596 0.121773288439955
"621" 621 230.10101010101 0.122334455667789
"622" 622 230.606060606061 0.122895622895623
"623" 623 231.111111111111 0.123456790123457
"624" 624 231.616161616162 0.124017957351291
"625" 625 232.121212121212 0.124579124579125
"626" 626 232.626262626263 0.125140291806959
"627" 627 233.131313131313 0.125701459034792
"628" 628 233.636363636364 0.126262626262626
"629" 629 234.141414141414 0.12682379349046
"630" 630 234.646464646465 0.127384960718294
"631" 631 235.151515151515 0.127946127946128
"632" 632 235.656565656566 0.128507295173962
"633" 633 236.161616161616 0.129068462401796
"634" 634 236.666666666667 0.12962962962963
"635" 635 237.171717171717 0.130190796857464
"636" 636 237.676767676768 0.130751964085297
"637" 637 238.181818181818 0.131313131313131
"638" 638 238.686868686869 0.131874298540965
"639" 639 239.191919191919 0.132435465768799
"640" 640 239.69696969697 0.132996632996633
"641" 641 240.20202020202 0.133557800224467
"642" 642 240.707070707071 0.134118967452301
"643" 643 241.212121212121 0.134680134680135
"644" 644 241.717171717172 0.135241301907969
"645" 645 242.222222222222 0.135802469135803
"646" 646 242.727272727273 0.136363636363636
"647" 647 243.232323232323 0.13692480359147
"648" 648 243.737373737374 0.137485970819304
"649" 649 244.242424242424 0.138047138047138
"650" 650 244.747474747475 0.138608305274972
"651" 651 245.252525252525 0.139169472502806
"652" 652 245.757575757576 0.13973063973064
"653" 653 246.262626262626 0.140291806958474
"654" 654 246.767676767677 0.140852974186308
"655" 655 247.272727272727 0.141414141414141
"656" 656 247.777777777778 0.141975308641975
"657" 657 248.282828282828 0.142536475869809
"658" 658 248.787878787879 0.143097643097643
"659" 659 249.292929292929 0.143658810325477
"660" 660 249.79797979798 0.144219977553311
"661" 661 250.30303030303 0.144781144781145
"662" 662 250.808080808081 0.145342312008979
"663" 663 251.313131313131 0.145903479236813
"664" 664 251.818181818182 0.146464646464647
"665" 665 252.323232323232 0.14702581369248
"666" 666 252.828282828283 0.147586980920314
"667" 667 253.333333333333 0.148148148148148
"668" 668 253.838383838384 0.148709315375982
"669" 669 254.343434343434 0.149270482603816
"670" 670 254.848484848485 0.14983164983165
"671" 671 255.353535353535 0.150392817059484
"672" 672 255.858585858586 0.150953984287318
"673" 673 256.363636363636 0.151515151515152
"674" 674 256.868686868687 0.152076318742985
"675" 675 257.373737373737 0.152637485970819
"676" 676 257.878787878788 0.153198653198653
"677" 677 258.383838383838 0.153759820426487
"678" 678 258.888888888889 0.154320987654321
"679" 679 259.393939393939 0.154882154882155
"680" 680 259.89898989899 0.155443322109989
"681" 681 260.40404040404 0.156004489337823
"682" 682 260.909090909091 0.156565656565657
"683" 683 261.414141414141 0.157126823793491
"684" 684 261.919191919192 0.157687991021324
"685" 685 262.424242424242 0.158249158249158
"686" 686 262.929292929293 0.158810325476992
"687" 687 263.434343434343 0.159371492704826
"688" 688 263.939393939394 0.15993265993266
"689" 689 264.444444444444 0.160493827160494
"690" 690 264.949494949495 0.161054994388328
"691" 691 265.454545454545 0.161616161616162
"692" 692 265.959595959596 0.162177328843996
"693" 693 266.464646464646 0.162738496071829
"694" 694 266.969696969697 0.163299663299663
"695" 695 267.474747474747 0.163860830527497
"696" 696 267.979797979798 0.164421997755331
"697" 697 268.484848484848 0.164983164983165
"698" 698 268.989898989899 0.165544332210999
"699" 699 269.494949494949 0.166105499438833
"700" 700 270 0.166666666666667
"701" 701 270 0.166666666666667
"702" 702 268.636363636364 0.165151515151515
"703" 703 267.272727272727 0.163636363636364
"704" 704 265.909090909091 0.162121212121212
"705" 705 264.545454545454 0.16060606060606
"706" 706 263.181818181818 0.159090909090909
"707" 707 261.818181818182 0.157575757575757
"708" 708 260.454545454545 0.156060606060606
"709" 709 259.090909090909 0.154545454545454
"710" 710 257.727272727273 0.153030303030303
"711" 711 256.363636363636 0.151515151515151
"712" 712 255 0.15
"713" 713 253.636363636364 0.148484848484848
"714" 714 252.272727272727 0.146969696969697
"715" 715 250.909090909091 0.145454545454545
"716" 716 249.545454545454 0.143939393939394
"717" 717 248.181818181818 0.142424242424242
"718" 718 246.818181818182 0.140909090909091
"719" 719 245.454545454545 0.139393939393939
"720" 720 244.090909090909 0.137878787878788
"721" 721 242.727272727273 0.136363636363636
"722" 722 241.363636363636 0.134848484848485
"723" 723 240 0.133333333333333
"724" 724 238.636363636364 0.131818181818182
"725" 725 237.272727272727 0.13030303030303
"726" 726 235.909090909091 0.128787878787879
"727" 727 234.545454545454 0.127272727272727
"728" 728 233.181818181818 0.125757575757576
"729" 729 231.818181818182 0.124242424242424
"730" 730 230.454545454545 0.122727272727273
"731" 731 229.090909090909 0.121212121212121
"732" 732 227.727272727273 0.11969696969697
"733" 733 226.363636363636 0.118181818181818
"734" 734 225 0.116666666666667
"735" 735 223.636363636364 0.115151515151515
"736" 736 222.272727272727 0.113636363636364
"737" 737 220.909090909091 0.112121212121212
"738" 738 219.545454545454 0.11060606060606
"739" 739 218.181818181818 0.109090909090909
"740" 740 216.818181818182 0.107575757575757
"741" 741 215.454545454545 0.106060606060606
"742" 742 214.090909090909 0.104545454545454
"743" 743 212.727272727273 0.103030303030303
"744" 744 211.363636363636 0.101515151515151
"745" 745 210 0.0999999999999999
"746" 746 208.636363636364 0.0984848484848484
"747" 747 207.272727272727 0.0969696969696968
"748" 748 205.909090909091 0.0954545454545453
"749" 749 204.545454545454 0.0939393939393938
"750" 750 203.181818181818 0.0924242424242423
"751" 751 201.818181818182 0.0909090909090909
"752" 752 200.454545454545 0.0893939393939392
"753" 753 199.090909090909 0.0878787878787878
"754" 754 197.727272727273 0.0863636363636361
"755" 755 196.363636363636 0.0848484848484848
"756" 756 195 0.0833333333333331
"757" 757 193.636363636364 0.0818181818181817
"758" 758 192.272727272727 0.0803030303030303
"759" 759 190.909090909091 0.0787878787878786
"760" 760 189.545454545455 0.0772727272727272
"761" 761 188.181818181818 0.0757575757575756
"762" 762 186.818181818182 0.0742424242424242
"763" 763 185.454545454545 0.0727272727272725
"764" 764 184.090909090909 0.0712121212121211
"765" 765 182.727272727273 0.0696969696969695
"766" 766 181.363636363636 0.0681818181818181
"767" 767 180 0.0666666666666664
"768" 768 178.636363636364 0.065151515151515
"769" 769 177.272727272727 0.0636363636363636
"770" 770 175.909090909091 0.062121212121212
"771" 771 174.545454545455 0.0606060606060606
"772" 772 173.181818181818 0.0590909090909089
"773" 773 171.818181818182 0.0575757575757575
"774" 774 170.454545454545 0.0560606060606059
"775" 775 169.090909090909 0.0545454545454545
"776" 776 167.727272727273 0.0530303030303028
"777" 777 166.363636363636 0.0515151515151514
"778" 778 165 0.0499999999999998
"779" 779 163.636363636364 0.0484848484848484
"780" 780 162.272727272727 0.046969696969697
"781" 781 160.909090909091 0.0454545454545453
"782" 782 159.545454545455 0.0439393939393939
"783" 783 158.181818181818 0.0424242424242423
"784" 784 156.818181818182 0.0409090909090908
"785" 785 155.454545454545 0.0393939393939392
"786" 786 154.090909090909 0.0378787878787878
"787" 787 152.727272727273 0.0363636363636362
"788" 788 151.363636363636 0.0348484848484847
"789" 789 150 0.0333333333333331
"790" 790 148.636363636364 0.0318181818181817
"791" 791 147.272727272727 0.0303030303030303
"792" 792 145.909090909091 0.0287878787878786
"793" 793 144.545454545455 0.0272727272727272
"794" 794 143.181818181818 0.0257575757575756
"795" 795 141.818181818182 0.0242424242424242
"796" 796 140.454545454545 0.0227272727272725
"797" 797 139.090909090909 0.0212121212121211
"798" 798 137.727272727273 0.0196969696969695
"799" 799 136.363636363636 0.0181818181818181
"800" 800 135 0.0166666666666667
"801" 801 135 0.0166666666666667
"802" 802 135.151515151515 0.0168350168350168
"803" 803 135.30303030303 0.017003367003367
"804" 804 135.454545454545 0.0171717171717172
"805" 805 135.606060606061 0.0173400673400673
"806" 806 135.757575757576 0.0175084175084175
"807" 807 135.909090909091 0.0176767676767677
"808" 808 136.060606060606 0.0178451178451178
"809" 809 136.212121212121 0.018013468013468
"810" 810 136.363636363636 0.0181818181818182
"811" 811 136.515151515152 0.0183501683501683
"812" 812 136.666666666667 0.0185185185185185
"813" 813 136.818181818182 0.0186868686868687
"814" 814 136.969696969697 0.0188552188552188
"815" 815 137.121212121212 0.019023569023569
"816" 816 137.272727272727 0.0191919191919192
"817" 817 137.424242424242 0.0193602693602694
"818" 818 137.575757575758 0.0195286195286195
"819" 819 137.727272727273 0.0196969696969697
"820" 820 137.878787878788 0.0198653198653199
"821" 821 138.030303030303 0.02003367003367
"822" 822 138.181818181818 0.0202020202020202
"823" 823 138.333333333333 0.0203703703703703
"824" 824 138.484848484848 0.0205387205387205
"825" 825 138.636363636364 0.0207070707070707
"826" 826 138.787878787879 0.0208754208754209
"827" 827 138.939393939394 0.0210437710437711
"828" 828 139.090909090909 0.0212121212121212
"829" 829 139.242424242424 0.0213804713804714
"830" 830 139.393939393939 0.0215488215488215
"831" 831 139.545454545455 0.0217171717171717
"832" 832 139.69696969697 0.0218855218855219
"833" 833 139.848484848485 0.022053872053872
"834" 834 140 0.0222222222222222
"835" 835 140.151515151515 0.0223905723905724
"836" 836 140.30303030303 0.0225589225589225
"837" 837 140.454545454545 0.0227272727272727
"838" 838 140.606060606061 0.0228956228956229
"839" 839 140.757575757576 0.0230639730639731
"840" 840 140.909090909091 0.0232323232323232
"841" 841 141.060606060606 0.0234006734006734
"842" 842 141.212121212121 0.0235690235690235
"843" 843 141.363636363636 0.0237373737373737
"844" 844 141.515151515152 0.0239057239057239
"845" 845 141.666666666667 0.024074074074074
"846" 846 141.818181818182 0.0242424242424242
"847" 847 141.969696969697 0.0244107744107744
"848" 848 142.121212121212 0.0245791245791246
"849" 849 142.272727272727 0.0247474747474747
"850" 850 142.424242424242 0.0249158249158249
"851" 851 142.575757575758 0.0250841750841751
"852" 852 142.727272727273 0.0252525252525252
"853" 853 142.878787878788 0.0254208754208754
"854" 854 143.030303030303 0.0255892255892256
"855" 855 143.181818181818 0.0257575757575758
"856" 856 143.333333333333 0.0259259259259259
"857" 857 143.484848484848 0.0260942760942761
"858" 858 143.636363636364 0.0262626262626263
"859" 859 143.787878787879 0.0264309764309764
"860" 860 143.939393939394 0.0265993265993266
"861" 861 144.090909090909 0.0267676767676767
"862" 862 144.242424242424 0.026936026936027
"863" 863 144.393939393939 0.0271043771043771
"864" 864 144.545454545455 0.0272727272727272
"865" 865 144.69696969697 0.0274410774410774
"866" 866 144.848484848485 0.0276094276094276
"867" 867 145 0.0277777777777778
"868" 868 145.151515151515 0.0279461279461279
"869" 869 145.30303030303 0.0281144781144781
"870" 870 145.454545454545 0.0282828282828283
"871" 871 145.606060606061 0.0284511784511784
"872" 872 145.757575757576 0.0286195286195286
"873" 873 145.909090909091 0.0287878787878788
"874" 874 146.060606060606 0.028956228956229
"875" 875 146.212121212121 0.0291245791245791
"876" 876 146.363636363636 0.0292929292929293
"877" 877 146.515151515152 0.0294612794612794
"878" 878 146.666666666667 0.0296296296296296
"879" 879 146.818181818182 0.0297979797979798
"880" 880 146.969696969697 0.0299663299663299
"881" 881 147.121212121212 0.0301346801346802
"882" 882 147.272727272727 0.0303030303030303
"883" 883 147.424242424242 0.0304713804713804
"884" 884 147.575757575758 0.0306397306397306
"885" 885 147.727272727273 0.0308080808080808
"886" 886 147.878787878788 0.030976430976431
"887" 887 148.030303030303 0.0311447811447811
"888" 888 148.181818181818 0.0313131313131313
"889" 889 148.333333333333 0.0314814814814815
"890" 890 148.484848484848 0.0316498316498316
"891" 891 148.636363636364 0.0318181818181818
"892" 892 148.787878787879 0.031986531986532
"893" 893 148.939393939394 0.0321548821548822
"894" 894 149.090909090909 0.0323232323232323
"895" 895 149.242424242424 0.0324915824915825
"896" 896 149.393939393939 0.0326599326599326
"897" 897 149.545454545455 0.0328282828282828
"898" 898 149.69696969697 0.032996632996633
"899" 899 149.848484848485 0.0331649831649831
"900" 900 150 0.0333333333333333
"901" 901 150 0.0333333333333331
"902" 902 151.515151515151 0.0350168350168348
"903" 903 153.030303030303 0.0367003367003364
"904" 904 154.545454545454 0.0383838383838381
"905" 905 156.060606060606 0.04006734006734
"906" 906 157.575757575758 0.0417508417508417
"907" 907 159.090909090909 0.0434343434343434
"908" 908 160.606060606061 0.045117845117845
"909" 909 162.121212121212 0.0468013468013467
"910" 910 163.636363636364 0.0484848484848484
"911" 911 165.151515151515 0.05016835016835
"912" 912 166.666666666667 0.0518518518518517
"913" 913 168.181818181818 0.0535353535353534
"914" 914 169.69696969697 0.055218855218855
"915" 915 171.212121212121 0.0569023569023567
"916" 916 172.727272727273 0.0585858585858584
"917" 917 174.242424242424 0.06026936026936
"918" 918 175.757575757576 0.0619528619528617
"919" 919 177.272727272727 0.0636363636363634
"920" 920 178.787878787879 0.0653198653198653
"921" 921 180.30303030303 0.067003367003367
"922" 922 181.818181818182 0.0686868686868686
"923" 923 183.333333333333 0.0703703703703703
"924" 924 184.848484848485 0.072053872053872
"925" 925 186.363636363636 0.0737373737373736
"926" 926 187.878787878788 0.0754208754208753
"927" 927 189.393939393939 0.077104377104377
"928" 928 190.909090909091 0.0787878787878786
"929" 929 192.424242424242 0.0804713804713803
"930" 930 193.939393939394 0.082154882154882
"931" 931 195.454545454545 0.0838383838383837
"932" 932 196.969696969697 0.0855218855218853
"933" 933 198.484848484848 0.087205387205387
"934" 934 200 0.0888888888888887
"935" 935 201.515151515151 0.0905723905723903
"936" 936 203.030303030303 0.092255892255892
"937" 937 204.545454545455 0.0939393939393939
"938" 938 206.060606060606 0.0956228956228956
"939" 939 207.575757575758 0.0973063973063973
"940" 940 209.090909090909 0.0989898989898989
"941" 941 210.606060606061 0.100673400673401
"942" 942 212.121212121212 0.102356902356902
"943" 943 213.636363636364 0.104040404040404
"944" 944 215.151515151515 0.105723905723906
"945" 945 216.666666666667 0.107407407407407
"946" 946 218.181818181818 0.109090909090909
"947" 947 219.69696969697 0.110774410774411
"948" 948 221.212121212121 0.112457912457912
"949" 949 222.727272727273 0.114141414141414
"950" 950 224.242424242424 0.115824915824916
"951" 951 225.757575757576 0.117508417508417
"952" 952 227.272727272727 0.119191919191919
"953" 953 228.787878787879 0.120875420875421
"954" 954 230.30303030303 0.122558922558923
"955" 955 231.818181818182 0.124242424242424
"956" 956 233.333333333333 0.125925925925926
"957" 957 234.848484848485 0.127609427609428
"958" 958 236.363636363636 0.129292929292929
"959" 959 237.878787878788 0.130976430976431
"960" 960 239.393939393939 0.132659932659933
"961" 961 240.909090909091 0.134343434343434
"962" 962 242.424242424242 0.136026936026936
"963" 963 243.939393939394 0.137710437710438
"964" 964 245.454545454545 0.139393939393939
"965" 965 246.969696969697 0.141077441077441
"966" 966 248.484848484848 0.142760942760943
"967" 967 250 0.144444444444444
"968" 968 251.515151515151 0.146127946127946
"969" 969 253.030303030303 0.147811447811448
"970" 970 254.545454545455 0.149494949494949
"971" 971 256.060606060606 0.151178451178451
"972" 972 257.575757575758 0.152861952861953
"973" 973 259.090909090909 0.154545454545454
"974" 974 260.606060606061 0.156228956228956
"975" 975 262.121212121212 0.157912457912458
"976" 976 263.636363636364 0.15959595959596
"977" 977 265.151515151515 0.161279461279461
"978" 978 266.666666666667 0.162962962962963
"979" 979 268.181818181818 0.164646464646464
"980" 980 269.69696969697 0.166329966329966
"981" 981 271.212121212121 0.168013468013468
"982" 982 272.727272727273 0.16969696969697
"983" 983 274.242424242424 0.171380471380471
"984" 984 275.757575757576 0.173063973063973
"985" 985 277.272727272727 0.174747474747475
"986" 986 278.787878787879 0.176430976430976
"987" 987 280.30303030303 0.178114478114478
"988" 988 281.818181818182 0.17979797979798
"989" 989 283.333333333333 0.181481481481481
"990" 990 284.848484848485 0.183164983164983
"991" 991 286.363636363636 0.184848484848485
"992" 992 287.878787878788 0.186531986531986
"993" 993 289.393939393939 0.188215488215488
"994" 994 290.909090909091 0.18989898989899
"995" 995 292.424242424242 0.191582491582491
"996" 996 293.939393939394 0.193265993265993
"997" 997 295.454545454545 0.194949494949495
"998" 998 296.969696969697 0.196632996632996
"999" 999 298.484848484848 0.198316498316498
"1000" 1000 300 0.2
